-6.345353709551178e-16
0.1539078784665723
0.3009030227967169
0.43562377138293573
0.5546516746698056
0.6570335554221282
0.7433987543877135
0.8154694779663051
0.8752456855239896
0.9248159703082803
0.9659760553419228
1.000335998577333
1.0291442291559219
1.0534845308114638
1.0741510815823732
1.0918459202837993
1.1070595228421636
1.1202470282807122
1.1317095904544803
1.1417472897964482
1.1505458214774553
1.1583073298615507
1.1651475141208278
1.1712052262844013
1.1765539506504972
1.1812902748176786
1.1854626108207296
1.1891382047839136
1.1923511495373829
1.1951474371752215
1.1975537057272845
1.1995998660857616
1.2013095486481669
1.202699976930653
1.2037946786936664
1.204600485288395
1.2051427136688029
1.205419413942805
1.2054588971314626
1.2052516153101673
1.204829597254607
1.204176613922273
1.203328787554656
1.2022639615262276
1.2010224681312418
1.1995768795674484
1.1979716569802654
1.196174703484846
1.1942343740855879
1.1921144781437127
1.1898669086119436
1.187451947073529
1.1849245731626785
1.1822421078825507
1.1794620915303913
1.1765394588469618
1.1735337271201334
1.1703980289379836
1.1671932317380385
1.1638712603032775
1.1604936746374463
1.1570117952302545
1.153487197038058
1.1498712068539354
1.146224726163647
1.142499703042863
1.13875567415341
1.1349458251824676
1.1311276403332078
1.1272561574466757
1.1233861298572063
1.1194750572557892
1.1155742973596825
1.1116444137215742
1.107732720788164
1.1038034378047112
1.0998992078700593
1.0959884855197894
1.0921086355733753
1.0882329137067368
1.0843928213535743
1.0805669665470699
1.0767804238405765
1.073017690050581
1.0692968698280205
1.0656088710922982
1.0619643039033595
1.058360997166233
1.0548015567300864
1.051291232771777
1.047824127793985
1.044413408194656
1.0410441782879072
1.0377380163211243
1.0344705296655747
1.0312722129614942
1.0281086631672998
1.0250198158731725
1.021960715210258
1.018981297150553
1.0160254628003904
1.0131537627164402
1.0102982918337295
1.0075309110197939
1.00477113891967
1.002102960209296
0.9994323934679202
0.9968565280736463
0.9942667399048032
0.9917744401301759
0.9892549074550936
0.9868354249012223
0.9843732718538198
0.982013624614242
0.9795932093093981
0.9772777898629356
0.9748800165804454
0.9725899078989173
0.9701910366837218
0.9679027714695215
0.965472269281913
0.9631554879526765
0.9606519826991007
0.9582648486677
0.9556282030597291
0.9531081473436294
0.9502433701357231
0.9474879689793446
0.9442315204393479
0.9410584033456795
0.9381825784871336
0.9356055148376492
0.9333285287636688
0.9313527833517382
0.9296792878144007
0.9283088969746904
0.9272423108294876
0.9264800741919595
0.9260225764132701
0.9258700511836986
