0.0
0.041431324974201336
0.06631996726382622
0.07748411349664672
0.0841506764932916
0.09122622035794226
0.09938950999178472
0.10870784470766413
0.11909813527337344
0.13043852401780737
0.142602101795066
0.1554699987675717
0.16893571831035856
0.1829068825295298
0.197304799163263
0.2120640405166655
0.2271309238914142
0.2424627747956877
0.258026131011908
0.273796163592988
0.2897547797057074
0.3058903149727905
0.32219554529522143
0.33866767841752465
0.35530630410251024
0.3721138391823056
0.3890869497248081
0.4062254620047045
0.42352797783829205
0.4409911044673381
0.45860695631942605
0.4763640156801825
0.49424467393848254
0.5122265872974932
0.5302804229301586
0.5483718264892661
0.5664594885536436
0.5844977555469973
0.6024350383502329
0.6202169795017113
0.6377851196471634
0.6550804251338952
0.6720420551320968
0.6886109977637799
0.7047287728073196
0.7203409387692832
0.7353956220842889
0.7498467253333013
0.7636522623349393
0.7767771800455608
0.7891915575708991
0.8008730130458959
0.811804863291585
0.8219781042878902
0.8313896223345811
0.8400437206743547
0.8479504416355723
0.8551265882878525
0.8615941896032727
0.8673809621137115
0.8725189495994385
0.8770443991569615
0.8809966374668355
0.8844173907447463
0.8873500046214556
0.8898382932131771
0.8919262412360344
0.8936564957939063
0.8950706848612856
0.8962076513953993
0.8971044777975835
0.8977945124121156
0.8983091218721577
0.8986754987026948
0.8989190995539166
0.8990611756087369
0.8991218161304202
0.8991171253111726
0.8990627836294246
0.8989708042881099
0.8988535416785601
0.8987199856345782
0.898580172888239
0.8984410044224321
0.898311040506108
0.8981958466523984
0.898103170116976
0.8980378307469616
0.8980072867766663
0.8980160898469423
0.8980718536244117
0.8981792907906295
0.8983466033070371
0.8985791164755907
0.8988861182071145
0.8992741040861567
0.8997541082624487
0.9003345763527788
0.9010292564417806
0.9018497263029447
0.9028139539728954
0.9039385245135559
0.9052480398143206
0.906767117394743
0.9085308783819266
0.9105768166284186
0.9129567090877704
0.9157284449594123
0.9189697415520677
0.9227699024238244
0.9272456388772985
0.9325323422557813
0.9388019275199606
0.9462523208862808
0.9551263366616496
0.965696433783396
0.9782820865191749
0.9932243933362044
1.010897562099809
1.0316652766965764
1.0558812598164449
1.0838183223212852
1.1156568137395064
1.1513815815239024
1.190770779911106
1.2332692615272574
1.278017816725578
1.3237308935277512
1.3688437430627582
1.411418627592169
1.4501949408093635
1.4851522313677268
1.516272051499946
1.5435379699184277
1.5669355834034524
1.5864525270382306
1.6020784830540378
1.6138051882529227
1.621626439980112
1.6255381006236147
