0.0
0.0405521270801028
0.06570506412165064
0.0767852476071553
0.08343371230686232
0.09046334541273007
0.09857283007723432
0.10783514259616116
0.11816946929303232
0.1294531408421563
0.14155401180553054
0.15434151509307412
0.1676882129443561
0.18146853200885016
0.19555533281658058
0.2098172608567401
0.22411611391867656
0.2383068843055424
0.25223863545658753
0.265758886150577
0.2787182730488126
0.2909782517409378
0.3024172756557799
0.3129386748035017
0.32247481717606025
0.3309917433163879
0.3384885503009367
0.3449970027021444
0.3505756852684059
0.35530542511779656
0.35927977554154045
0.36259956824494255
0.3653651898185538
0.36767171306203533
0.3696032791176008
0.3712327902164437
0.37261962491296874
0.3738121110040575
0.37484719707455366
0.3757540010457561
0.37655388144528984
0.3772637842294854
0.3778959152088947
0.37846044259355344
0.37896468412598505
0.3794152297218392
0.3798168432117577
0.3801741865575281
0.38049063679386574
0.38076974007532677
0.3810140687594663
0.381226465384453
0.38140900619330553
0.3815640552413645
0.3816933699741563
0.381798968408309
0.38188239823440046
0.38194541385390474
0.38198942363208216
0.38201597186010966
0.38202637487184177
0.38202200295388683
0.3820041133861871
0.38197392790342816
0.3819326687040137
0.3818814278770446
0.3818214108003091
0.3817535948215574
0.381679183119281
0.38159905078778067
0.3815144111032784
0.3814260479708182
0.3813351955859446
0.3812425569372886
0.38114939705817935
0.38105634792917265
0.380964714862482
0.38087506870301135
0.3807887643787268
0.3807063217441907
0.38062915496929667
0.3805577436880405
0.3804935717051694
0.38043709027921696
0.3803898646341686
0.3803523311831987
0.38032615059030495
0.3803117604793002
0.38031093437065483
0.38032413085085887
0.3803532587140889
0.38039882259902275
0.3804628962354497
0.38054606306880817
0.38065060184745386
0.38077721859231844
0.3809284521431084
0.3811051907875453
0.38131031022104706
0.3815449639664259
0.38181247309384875
0.3821143739150871
0.38245458868069504
0.3828352065526136
0.3832609788155966
0.3837347994735931
0.38426258975067945
0.3848484327203106
0.38549994434246826
0.3862230029110152
0.38702775509802056
0.38792286719028013
0.38892239609640633
0.39003947449848403
0.391294398300564
0.3927076203603575
0.39430954567748505
0.3961325457066013
0.39822297412955504
0.40063131166339105
0.4034264308570665
0.4066812630547184
0.4104876874065576
0.41493136356131954
0.42010245261255813
0.4260473463757724
0.4327677324928857
0.4401321294935516
0.4478608662486534
0.4553765445691341
0.46222166698851075
0.46839262326229103
0.47388615683472884
0.4786993671161148
0.4828297115284153
0.48627500731205087
0.4890334330873143
0.49110353016468977
0.4924842035991521
0.4931747229844753
