2.7557789284996347e-16
0.15608615394514855
0.3052129596458482
0.44198104766101864
0.5628654650324698
0.6668782959402684
0.7546194143532988
0.8278331708294135
0.8885329366322932
0.9388466152489019
0.9805872178116849
1.0153979338305459
1.0445362189516598
1.0691092426654774
1.0899126332641127
1.1076645269243697
1.122852390294901
1.1359428732218384
1.1472322107009787
1.157029227238104
1.165514461205516
1.1728970999821524
1.179288478728516
1.1848333771636004
1.1896023312367805
1.1936970449579647
1.1971647631617255
1.2000771783046684
1.202469192545118
1.2043906201638552
1.2058709602255377
1.2069433108404108
1.2076362000039376
1.207969358706233
1.207973163208232
1.2076562083219113
1.2070524692410323
1.2061609417461596
1.2050202209966676
1.2036208111452318
1.2020064362286242
1.2001599537394672
1.1981303575548323
1.1958935486749158
1.1935036627665794
1.1909302496606904
1.1882322600314266
1.185373458590568
1.1824171370388403
1.179321831152553
1.1761545912740794
1.1728692890174317
1.1695360723538246
1.1661047330156948
1.162647800097222
1.1591115949248192
1.1555702737933065
1.1519673243627744
1.14837775291965
1.144742877072127
1.1411377636100721
1.1375022485799844
1.1339106660356146
1.1303020808459803
1.1267493039030074
1.1231913576715338
1.1196987472953828
1.1162111963002648
1.1127961331653489
1.1093947369742836
1.1060706032043308
1.1027671285564162
1.0995433359464124
1.0963456061291401
1.0932276683127475
1.0901396552746618
1.0871293009432297
1.0841512571457088
1.0812465812508376
1.078375208143549
1.0755708578942385
1.0727995077827157
1.0700869000783977
1.0674058079501922
1.0647733745947703
1.0621699161164744
1.0596033726776608
1.0570623440203886
1.0545449774901223
1.0520488918506268
1.049561861292658
1.047091255924352
1.0446138990344191
1.042147645261793
1.0396577821796238
1.03717338920893
1.0346476129582893
1.0321215142645017
1.0295354547712687
1.0269432633440794
1.0242718089417953
1.021588524547159
1.0188059809618495
1.0160061285320114
1.0130862900902946
1.0101439628965603
1.0070600633471443
1.0039488368833784
1.0006733364325169
0.9973660074825519
0.9938701561174188
0.9903382437654842
0.9865913346218244
0.982804251523619
0.9787724346140362
0.9746961895710607
0.9703406419222217
0.9659358534780007
0.9612099699541914
0.9564288256177379
0.9512738510161229
0.946055376904429
0.9403934270101075
0.934655906532361
0.9283783540162427
0.9220066485475505
0.9149537077381
0.9077768328229933
0.8996990191407713
0.8914475422553881
0.8839691537666521
0.8772676736421673
0.8713465250040414
0.8662087323803538
0.8618569201602231
0.8582933112532675
0.8555197259541393
0.8535375810127173
0.8523478889104302
0.8519512573430801
