0.0
0.04156538952300493
0.06624351224153781
0.07738236806882536
0.0840455415295468
0.09116913651380273
0.09943099916002572
0.10890108911152928
0.11949706964593133
0.13109555008633553
0.14356606179491277
0.15678434776582295
0.1706369780971682
0.18502329943455112
0.19985527204054473
0.2150572529510132
0.2305647601818158
0.2463239328819782
0.26229004649961446
0.2784271313959125
0.2947064458546761
0.31110639593673883
0.3276110157883828
0.34421023531748124
0.3608983881686512
0.3776748828807698
0.39454215395001513
0.4115031673391956
0.4285664185140212
0.4457436118676792
0.46304797197095027
0.4804953563482535
0.4981023816611979
0.5158876464628522
0.5338696535161908
0.5520681025285735
0.5705016011209632
0.5891890011857105
0.6081469171291685
0.6273911024092749
0.6469338271561343
0.6667853187698375
0.6869510856815657
0.7074334696250235
0.7282290289505099
0.7493302604322278
0.7707231646982433
0.792389184098967
0.8143030588446434
0.8364349924640067
0.8587488719609199
0.8812046200589353
0.9037568059442708
0.9263570871497037
0.9489531937697774
0.9714913178544861
0.9939154267003092
1.0161694353239756
1.0381968003823407
1.0599423149545948
1.081351952139224
1.1023741461350287
1.1229598853136429
1.143063379754902
1.1626424369456958
1.1816584533565089
1.2000771329553208
1.2178677718157784
1.2350043954030785
1.2514643272635695
1.2672298246283806
1.2822859349607372
1.2966227027384878
1.310232322969575
1.3231119782931335
1.3352602991300004
1.346680872971827
1.3573780191595965
1.3673609946027394
1.3766390894502045
1.3852265381796356
1.3931369423342603
1.4003888850162867
1.4069996895243413
1.412991730139455
1.4183855413599742
1.4232068190972513
1.4274789040390092
1.4312304749346831
1.4344874406585513
1.4372813407262308
1.4396406928308638
1.4416001345891674
1.443191285570508
1.4444526881314232
1.4454202539518473
1.4461380901536345
1.4466486078920762
1.4470043511284238
1.447257844078765
1.4474745692227409
1.4477226108318482
1.4480869444741475
1.4486588739656374
1.4495517727377334
1.450890171339709
1.452826987693209
1.4555318345038495
1.4592095222523478
1.4640866246799942
1.4704305551997852
1.4785325567899186
1.4887259090820903
1.5013622915800129
1.5168268475392812
1.5355035852650534
1.5577847378770884
1.5840203298955309
1.614520880400105
1.649487915761629
1.6890145646807295
1.732999091213393
1.7811587676704153
1.8329364528109438
1.8875570078469277
1.943939934220743
2.0008364528533154
2.05674700833272
2.1101794071419366
2.159520522825359
2.2044593776777908
2.2449722701138866
2.281037820547274
2.3126369863411753
2.3397530752382125
2.3623717572220753
2.3804810747683716
2.3940714514469943
2.4031356988436916
2.407669021774774
