2.355826486997759e-16
0.15446484373444955
0.30212654636597996
0.4374965703504772
0.5570063900886137
0.6595727387607371
0.7457873250401049
0.8173812500930465
0.8764149835620597
0.9250358301125001
0.9651101273353131
0.9982960602858063
1.025892786674556
1.0490118231559484
1.0684794112928513
1.0850107067743375
1.0991162609982552
1.1112559728448352
1.1217440527060323
1.1308810023391256
1.1388613795175422
1.145885647175838
1.1520756120349722
1.157567525927809
1.162438908267249
1.1667834476325736
1.1706518201506524
1.1741084023244515
1.177187902636835
1.1799336525482707
1.1823713066137669
1.184528428647236
1.1864260968024616
1.188079568208086
1.189508288470949
1.1907175520056066
1.1917271241845588
1.1925339874704497
1.1931595191783222
1.1935936083532055
1.1938600826673125
1.1939426871531835
1.1938682155132119
1.1936150521437032
1.1932132346355118
1.1926364696878013
1.1919181351863901
1.1910278843219717
1.190002388713335
1.1888078396578114
1.18748404019788
1.1859942947385531
1.1843812798033215
1.1826059804472555
1.1807136087379884
1.1786633950701
1.1765026819602538
1.174189508560714
1.1717728866676291
1.169210225951936
1.1665517002194683
1.1637546481567438
1.1608698614427582
1.157855160719908
1.1547613832145287
1.1515473763173936
1.148263430469319
1.1448699538437714
1.141416085424061
1.1378643150131649
1.1342620202113805
1.1305742780034855
1.1268460958380069
1.1230456264526536
1.1192149051657874
1.115325630859545
1.1114162762931787
1.1074625380435925
1.1034987512284393
1.0995050427436492
1.095511053089379
1.091501753710467
1.0875015532799663
1.083500664825038
1.0795177482493912
1.075548639932205
1.0716057536137436
1.0676909182970085
1.0638098216943281
1.0599706459460916
1.0561718869703018
1.052428436713015
1.0487311426128383
1.045101965611366
1.0415236501997547
1.0380255962402025
1.034581983917328
1.0312300432846189
1.0279349100253954
1.0247420707813082
1.021607102039361
1.018584226597775
1.0156188918490272
1.0127746133617612
1.0099860566065284
1.0073266955423938
1.0047196401799507
1.0022491408424734
0.9998258052660903
0.9975456900845662
0.9953057057510588
0.9932150403428851
0.9911553540768211
0.9892507047392126
0.9873654255208377
0.9856407651734432
0.9839208694375831
0.9823673310246538
0.9808000407816165
0.9794052911512512
0.9779727226522001
0.9767194521480023
0.9753956591293321
0.9742580716886561
0.9730025669490788
0.9719384269719175
0.9706819843347819
0.9696149504540766
0.9682285168490822
0.9670097284607029
0.9659051294682478
0.9649152841018813
0.9640406979755117
0.9632818178285233
0.9626390312975814
0.9621126667186276
0.9617029929591646
0.9614102192809193
0.9612344952329512
0.9611759105752632
